M1 = [[658.69848564,   0.        , 308.01833691],
       [  0.        , 658.69848564, 233.83289071],
       [  0.        ,   0.        ,   1.        ]]
M2 = [[658.69848564,   0.        , 311.61191863],
       [  0.        , 658.69848564, 235.49598915],
       [  0.        ,   0.        ,   1.        ]]

D1 = [-0.05839143, -0.0902476 ,  0.        ,  0.        ,  0.44647284]
D2 = [ 0.02222528, -0.74499211,  0.        ,  0.        ,  2.19658364]

R = [[ 0.99968465, -0.01843867, -0.01704756],
 [ 0.01917846,  0.99883407,  0.04430217],
 [ 0.01621082, -0.04461514,  0.99887271]]

T = [[-26.78571979],
 [ -0.98531842],
 [  0.96186474]]

E = [[ -0.0344199,   -0.91678315,  -1.02682038],
 [  1.39577976,  -1.21278426,  26.73912717],
 [  0.47129887, -26.77265754, -1.20346277]]

F =
[[ 7.37369658e-08,  1.96400370e-06,  9.67000429e-04],
 [-2.99014727e-06,  2.59812017e-06, -3.74184838e-02],
 [ 1.61335629e-05,  3.65554394e-02,  1.00000000e+00]]

R1 = [[ 0.99848955,  0.01987952, -0.0512194 ],
       [-0.01871896,  0.99955929,  0.02303962],
       [ 0.05165484, -0.02204605,  0.99842163]]
R2 = [[ 0.99868129,  0.0367367 , -0.03586225],
       [-0.03753636,  0.99905558, -0.02188528],
       [ 0.03502439,  0.02320256,  0.99911708]]

P1 = [[658.69848564,   0.        , 350.06278992,   0.        ],
       [  0.        , 658.69848564, 234.50999641,   0.        ],
       [  0.        ,   0.        ,   1.        ,   0.        ]]
P2 = [[ 6.58698486e+02,  0.00000000e+00,  3.41533333e+02, -1.76670108e+04],
       [ 0.00000000e+00,  6.58698486e+02,  2.34509996e+02, 0.00000000e+00],
       [ 0.00000000e+00,  0.00000000e+00,  1.00000000e+00, 0.00000000e+00]]

Q = [[   1. ,   0. ,   0., -320.],
 [   0. ,  -1. ,   0.  ,240.],
 [   0.,    0.   , 0. ,-512.],
 [   0. ,   0.   , 1. ,   0.]]


img1_rect = cv2.remap(img_1, map1x, map1y, cv2.INTER_LINEAR)
img2_rect = cv2.remap(img_2, map2x, map2y, cv2.INTER_LINEAR)